6376.299566647577
6380.904468980205
6468.929564048824
7687.179420204013
7533.410119466298
7689.002765368218
7792.31096451573
7830.857855165962
7758.1785064735
7924.12984665574
7766.120614089653
7979.085291339827
7814.055277817814
7739.6233311405695
7898.69998845425
7841.0975328491295
7945.19404884273
7601.2238000220495
7707.1138311396135
7435.747954113257
7540.669306130646
7210.980934786578
7403.38139081372
7601.689959867002
7656.332858351995
7684.666464744052
7956.163035562998
7931.13638023592
7914.646852004574
7857.487077676936
7763.51049446999
7789.795621426427
7743.40145896856
7744.035055460023
7624.120225980975
7835.230438305535
7629.465643625656
7636.918294776016
7828.236374890218
7707.832508131001
7730.83533953254
7755.139159059645
7665.152210871203
7885.934171036633
7784.844735092081
7860.342484694296
7838.889455097015
7685.521979596496
7689.036562478225
7687.958739793506
7820.982848519222
7686.720627827528
7865.083261854415
7726.550613166357
7745.980649820665
7808.095909939155
7733.995206610743
7859.301822544665
7853.395464566671
7899.58570332815
